[[0.1341, 0.7629, 0.0145, 0.0565, 0.0022, 0.0298, 0.6126], [0.1371, 0.7618, 0.012, 0.0588, 0.0027, 0.0276, 0.6161], [0.1372, 0.7594, 0.0127, 0.0595, 0.0028, 0.0284, 0.6219], [0.1372, 0.7616, 0.0135, 0.0573, 0.0022, 0.0282, 0.6144], [0.1351, 0.7632, 0.0132, 0.0585, 0.0017, 0.0283, 0.621], [0.1347, 0.7635, 0.0124, 0.059, 0.0015, 0.0289, 0.6248], [0.1345, 0.7651, 0.013, 0.0562, 0.0011, 0.0301, 0.6197], [0.1373, 0.7591, 0.0132, 0.0592, 0.0015, 0.0297, 0.622], [0.134, 0.7609, 0.013, 0.0609, 0.0021, 0.0291, 0.6181], [0.1291, 0.7698, 0.0138, 0.0538, 0.0025, 0.031, 0.62], [0.1379, 0.7561, 0.0134, 0.0596, 0.0019, 0.0311, 0.6261], [0.1302, 0.7656, 0.0136, 0.0578, 0.0022, 0.0306, 0.6173], [0.1279, 0.7664, 0.0128, 0.0613, 0.0013, 0.0303, 0.6194], [0.1389, 0.7626, 0.0113, 0.0558, 0.0026, 0.0288, 0.6159], [0.1291, 0.7716, 0.0136, 0.06, 0.0023, 0.0234, 0.6196], [0.1347, 0.7664, 0.0123, 0.0573, 0.0024, 0.0269, 0.6192], [0.1337, 0.7603, 0.013, 0.0603, 0.0016, 0.0311, 0.6102], [0.1358, 0.7589, 0.0128, 0.0589, 0.0029, 0.0307, 0.6198], [0.1322, 0.766, 0.0124, 0.056, 0.002, 0.0314, 0.623], [0.133, 0.7627, 0.0137, 0.0601, 0.0017, 0.0288, 0.6159], [0.1346, 0.7612, 0.0131, 0.0613, 0.0013, 0.0285, 0.6163], [0.1277, 0.7717, 0.0117, 0.0572, 0.0013, 0.0304, 0.5993], [0.1375, 0.7597, 0.0136, 0.0581, 0.0024, 0.0287, 0.6212], [0.1395, 0.7587, 0.0128, 0.0581, 0.0017, 0.0292, 0.6203], [0.1313, 0.7667, 0.0126, 0.0585, 0.0015, 0.0294, 0.617], [0.1376, 0.7632, 0.0125, 0.0544, 0.0025, 0.0298, 0.6199], [0.1342, 0.7636, 0.0128, 0.0616, 0.0017, 0.0261, 0.6186], [0.1347, 0.7611, 0.0123, 0.0624, 0.0024, 0.0271, 0.6241], [0.1267, 0.7667, 0.0139, 0.0601, 0.0021, 0.0305, 0.6212], [0.1348, 0.7565, 0.0144, 0.0635, 0.0023, 0.0285, 0.6156], [0.1281, 0.7674, 0.0135, 0.0606, 0.0017, 0.0287, 0.6162], [0.1348, 0.7609, 0.0127, 0.0583, 0.0021, 0.0312, 0.6274], [0.1303, 0.767, 0.0142, 0.0563, 0.0016, 0.0306, 0.6275], [0.1331, 0.7606, 0.0132, 0.0596, 0.002, 0.0315, 0.6157], [0.1346, 0.7639, 0.0124, 0.0589, 0.0023, 0.0279, 0.6176], [0.1323, 0.7599, 0.0154, 0.0614, 0.0022, 0.0288, 0.6174], [0.1349, 0.7539, 0.0138, 0.0642, 0.0018, 0.0314, 0.6214], [0.1323, 0.766, 0.0134, 0.061, 0.0015, 0.0258, 0.6181], [0.1349, 0.7663, 0.0125, 0.057, 0.0028, 0.0265, 0.6138], [0.1374, 0.7556, 0.0146, 0.0606, 0.0019, 0.0299, 0.6363], [0.1318, 0.763, 0.0127, 0.0631, 0.0019, 0.0275, 0.6208], [0.139, 0.7598, 0.0105, 0.0584, 0.0015, 0.0308, 0.6183], [0.1359, 0.7583, 0.013, 0.0606, 0.0022, 0.03, 0.614], [0.13, 0.7659, 0.0126, 0.0629, 0.002, 0.0266, 0.623], [0.1291, 0.7623, 0.0132, 0.0608, 0.002, 0.0326, 0.6241], [0.134, 0.7664, 0.0136, 0.0584, 0.0016, 0.026, 0.6219], [0.133, 0.7617, 0.0125, 0.0608, 0.0018, 0.0302, 0.6118], [0.1366, 0.7561, 0.0138, 0.0601, 0.0019, 0.0315, 0.6205], [0.1315, 0.7656, 0.0118, 0.0573, 0.0026, 0.0312, 0.6167], [0.1269, 0.7686, 0.0126, 0.0595, 0.0018, 0.0306, 0.6258], [0.1342, 0.7637, 0.0135, 0.0575, 0.0015, 0.0296, 0.6246], [0.1373, 0.766, 0.0131, 0.0552, 0.0014, 0.027, 0.6175], [0.1346, 0.754, 0.0136, 0.0651, 0.002, 0.0307, 0.6221], [0.1371, 0.7556, 0.0148, 0.0617, 0.0019, 0.0289, 0.6245], [0.1339, 0.7635, 0.0133, 0.056, 0.0019, 0.0314, 0.6203], [0.1289, 0.7623, 0.0128, 0.0639, 0.0014, 0.0307, 0.6211], [0.1418, 0.7533, 0.0141, 0.0607, 0.002, 0.0281, 0.6236], [0.1343, 0.7614, 0.0115, 0.0609, 0.0013, 0.0306, 0.6133], [0.1331, 0.7662, 0.013, 0.0569, 0.0018, 0.029, 0.6082], [0.1333, 0.7657, 0.0137, 0.0556, 0.0019, 0.0298, 0.6173], [0.1338, 0.7605, 0.0122, 0.0631, 0.0019, 0.0285, 0.6182], [0.1358, 0.7604, 0.0139, 0.0615, 0.0019, 0.0265, 0.6171], [0.1305, 0.7682, 0.0127, 0.0578, 0.003, 0.0278, 0.6136], [0.131, 0.7681, 0.0135, 0.0585, 0.0012, 0.0277, 0.6213], [0.1323, 0.7642, 0.0112, 0.0633, 0.0016, 0.0274, 0.6199], [0.1369, 0.763, 0.0112, 0.0618, 0.0027, 0.0244, 0.6192], [0.1363, 0.7594, 0.0124, 0.0612, 0.0017, 0.029, 0.6163], [0.1357, 0.7632, 0.0133, 0.0564, 0.0019, 0.0295, 0.6225], [0.1364, 0.76, 0.0124, 0.0592, 0.0016, 0.0304, 0.6274], [0.1311, 0.7656, 0.0123, 0.0575, 0.0013, 0.0322, 0.6266], [0.1363, 0.7585, 0.0147, 0.0599, 0.0012, 0.0294, 0.6191], [0.1398, 0.7545, 0.0138, 0.062, 0.0025, 0.0274, 0.6157], [0.1358, 0.7605, 0.0137, 0.0588, 0.002, 0.0292, 0.6159], [0.1326, 0.761, 0.011, 0.0659, 0.002, 0.0275, 0.6315], [0.1283, 0.7696, 0.0121, 0.0616, 0.0025, 0.0259, 0.608], [0.1337, 0.7657, 0.0124, 0.0574, 0.0026, 0.0282, 0.6273], [0.138, 0.7589, 0.0152, 0.0562, 0.0021, 0.0296, 0.6192], [0.1287, 0.768, 0.0124, 0.0587, 0.0014, 0.0308, 0.6197], [0.1373, 0.7609, 0.0133, 0.0578, 0.0027, 0.028, 0.6205], [0.1381, 0.7607, 0.0114, 0.057, 0.0021, 0.0307, 0.616], [0.1396, 0.7523, 0.0145, 0.0611, 0.002, 0.0305, 0.6286], [0.1353, 0.7641, 0.0129, 0.0567, 0.003, 0.028, 0.6212], [0.1379, 0.7613, 0.0118, 0.0583, 0.0017, 0.029, 0.6163], [0.1377, 0.7609, 0.0135, 0.0573, 0.0026, 0.028, 0.6173], [0.1364, 0.759, 0.0143, 0.0599, 0.0023, 0.0281, 0.6146], [0.1352, 0.7625, 0.013, 0.0568, 0.0016, 0.0309, 0.6149], [0.1421, 0.7612, 0.0114, 0.0559, 0.0015, 0.0279, 0.6159], [0.1294, 0.7654, 0.0129, 0.0609, 0.0019, 0.0295, 0.6176], [0.1338, 0.7645, 0.0141, 0.0582, 0.0016, 0.0278, 0.6232], [0.1343, 0.762, 0.0128, 0.0594, 0.0017, 0.0298, 0.627], [0.1333, 0.7667, 0.0115, 0.0568, 0.0015, 0.0302, 0.6215], [0.137, 0.7593, 0.0122, 0.0575, 0.0016, 0.0324, 0.6247], [0.1297, 0.7664, 0.0116, 0.0625, 0.0031, 0.0267, 0.6189], [0.1344, 0.7601, 0.0123, 0.0596, 0.0024, 0.0312, 0.6139], [0.1321, 0.7672, 0.0156, 0.0552, 0.0014, 0.0285, 0.62], [0.1392, 0.7603, 0.014, 0.0589, 0.0022, 0.0254, 0.6211], [0.1335, 0.7628, 0.0111, 0.0614, 0.0019, 0.0293, 0.6204], [0.1351, 0.7619, 0.0115, 0.0608, 0.0018, 0.0289, 0.615], [0.1306, 0.7707, 0.0116, 0.0587, 0.0015, 0.0269, 0.6153], [0.1306, 0.7633, 0.015, 0.0603, 0.0014, 0.0294, 0.6248]]